59 70 81 91 99 108 117 126 135 145 153 203 206 214 224 233 242 251 260 268 278 289 300 305 
58 69 80 90 99 108 116 125 135 144 152 203 207 215 224 234 243 251 260 269 279 290 301 306 
57 68 79 89 98 107 115 125 134 144 152 204 207 215 225 234 244 252 261 270 280 291 302 307 
56 66 77 87 97 105 114 124 133 143 151 204 208 216 226 235 245 254 262 272 282 293 303 309 
54 65 76 86 95 104 113 122 132 142 150 205 209 217 227 237 246 255 264 273 283 294 305 310 
52 63 74 84 93 103 112 121 131 141 149 206 210 218 228 238 247 256 266 275 285 296 307 312 
50 61 72 82 92 101 110 120 129 139 148 208 211 220 230 239 249 258 267 277 287 298 309 314 
48 58 70 80 90 99 108 118 128 138 147 209 212 221 231 241 251 260 269 279 289 301 311 316 
46 56 67 78 88 97 106 116 126 136 145 210 214 223 233 243 253 262 271 281 292 303 313 317 
44 54 65 76 85 95 104 114 124 135 144 212 215 224 235 245 255 264 274 283 294 305 315 319 
42 52 63 73 83 93 102 112 122 133 142 213 217 226 237 247 257 266 276 286 296 307 317 321 
40 50 61 71 81 91 100 110 120 131 140 215 219 228 239 249 259 268 278 288 298 309 319 323 
39 48 59 69 79 88 98 108 118 129 138 216 221 230 241 251 261 271 280 290 300 311 320 324 
37 46 57 67 77 86 96 105 116 127 137 218 222 232 243 254 263 273 282 292 302 313 322 326 
35 44 55 65 75 84 93 103 114 125 135 220 224 234 245 256 266 275 284 294 304 315 324 328 
34 43 53 63 73 82 91 101 111 123 133 222 226 236 248 258 268 277 286 296 306 316 325 329 
32 41 51 61 71 80 89 99 109 120 131 223 228 239 250 260 270 279 288 298 308 318 327 330 
31 40 49 59 69 78 87 97 107 118 129 225 230 241 252 262 272 281 290 300 310 319 328 332 
30 38 48 58 67 76 85 95 105 116 127 227 232 243 254 264 274 283 292 301 311 321 329 333 
29 37 47 56 66 75 84 93 103 114 125 229 234 245 256 266 275 284 293 303 312 322 330 334 
28 36 46 55 64 73 82 91 101 112 123 230 236 247 258 268 277 286 295 304 313 323 331 335 
27 35 45 54 63 72 81 90 100 111 122 232 237 248 259 269 278 287 296 305 314 324 332 335 
27 35 44 54 63 71 80 89 99 110 121 233 238 249 260 270 279 288 296 305 315 324 332 336 
26 34 44 53 62 71 80 88 98 109 120 234 239 250 261 271 279 288 297 306 315 325 333 336 
26 34 43 53 62 71 79 88 98 108 119 234 240 251 261 271 280 288 297 306 316 325 333 336 
26 34 43 53 62 71 79 88 98 108 119 234 240 251 261 271 280 288 297 306 316 325 333 336 
26 34 44 53 62 71 80 88 98 109 120 234 239 250 261 271 279 288 297 306 315 325 333 336 
27 35 44 54 63 71 80 89 99 110 121 233 238 249 260 270 279 288 296 305 315 324 332 336 
27 35 45 54 63 72 81 90 100 111 122 232 237 248 259 269 278 287 296 305 314 324 332 335 
28 36 46 55 64 73 82 91 101 112 123 230 236 247 258 268 277 286 295 304 313 323 331 335 
29 37 47 56 66 75 84 93 103 114 125 229 234 245 256 266 275 284 293 303 312 322 330 334 
30 38 48 58 67 76 85 95 105 116 127 227 232 243 254 264 274 283 292 301 311 321 329 333 
31 40 49 59 69 78 87 97 107 118 129 225 230 241 252 262 272 281 290 300 310 319 328 332 
32 41 51 61 71 80 89 99 109 120 131 223 228 239 250 260 270 279 288 298 308 318 327 330 
34 43 53 63 73 82 91 101 111 123 133 222 226 236 248 258 268 277 286 296 306 316 325 329 
35 44 55 65 75 84 93 103 114 125 135 220 224 234 245 256 266 275 284 294 304 315 324 328 
37 46 57 67 77 86 96 105 116 127 137 218 222 232 243 254 263 273 282 292 302 313 322 326 
39 48 59 69 79 88 98 108 118 129 138 216 221 230 241 251 261 271 280 290 300 311 320 324 
40 50 61 71 81 91 100 110 120 131 140 215 219 228 239 249 259 268 278 288 298 309 319 323 
42 52 63 73 83 93 102 112 122 133 142 213 217 226 237 247 257 266 276 286 296 307 317 321 
44 54 65 76 85 95 104 114 124 135 144 212 215 224 235 245 255 264 274 283 294 305 315 319 
46 56 67 78 88 97 106 116 126 136 145 210 214 223 233 243 253 262 271 281 292 303 313 317 
48 58 70 80 90 99 108 118 128 138 147 209 212 221 231 241 251 260 269 279 289 301 311 316 
50 61 72 82 92 101 110 120 129 139 148 208 211 220 230 239 249 258 267 277 287 298 309 314 
52 63 74 84 93 103 112 121 131 141 149 206 210 218 228 238 247 256 266 275 285 296 307 312 
54 65 76 86 95 104 113 122 132 142 150 205 209 217 227 237 246 255 264 273 283 294 305 310 
56 66 77 87 97 105 114 124 133 143 151 204 208 216 226 235 245 254 262 272 282 293 303 309 
57 68 79 89 98 107 115 125 134 144 152 204 207 215 225 234 244 252 261 270 280 291 302 307 
58 69 80 90 99 108 116 125 135 144 152 203 207 215 224 234 243 251 260 269 279 290 301 306 
59 70 81 91 99 108 117 126 135 145 153 203 206 214 224 233 242 251 260 268 278 289 300 305 
60 70 81 91 100 108 117 126 136 145 153 203 206 214 223 233 242 251 259 268 278 289 299 305 
60 71 81 91 100 108 117 126 136 145 153 203 206 214 223 233 242 251 259 268 278 288 299 305 
59 70 81 91 100 108 117 126 135 145 153 203 206 214 224 233 242 251 259 268 278 289 300 305 
