-59 -53 -45 -36 -26 -17 -8 0 6 11 14 15 14 11 6 0 -8 -17 -26 -36 -45 -53 -59 -62 
-59 -53 -44 -35 -26 -17 -8 0 6 12 15 16 15 12 6 0 -8 -17 -26 -35 -44 -53 -59 -61 
-58 -52 -44 -35 -25 -16 -7 0 7 13 16 17 16 13 7 0 -7 -16 -25 -35 -44 -52 -58 -60 
-56 -51 -43 -34 -24 -15 -6 1 8 14 17 19 17 14 8 1 -6 -15 -24 -34 -43 -51 -56 -58 
-55 -49 -41 -32 -23 -14 -5 3 10 15 19 20 19 15 10 3 -5 -14 -23 -32 -41 -49 -55 -57 
-53 -47 -40 -31 -22 -12 -3 4 11 17 21 22 21 17 11 4 -3 -12 -22 -31 -40 -47 -53 -55 
-51 -46 -38 -29 -20 -11 -1 6 13 19 23 24 23 19 13 6 -1 -11 -20 -29 -38 -46 -51 -53 
-49 -44 -36 -28 -18 -9 0 8 15 21 25 26 25 21 15 8 0 -9 -18 -28 -36 -44 -49 -51 
-46 -41 -34 -26 -16 -7 1 10 18 24 28 29 28 24 18 10 1 -7 -16 -26 -34 -41 -46 -48 
-44 -39 -32 -23 -14 -5 3 12 20 26 30 32 30 26 20 12 3 -5 -14 -23 -32 -39 -44 -45 
-41 -36 -29 -21 -12 -3 6 14 22 29 33 34 33 29 22 14 6 -3 -12 -21 -29 -36 -41 -43 
-38 -34 -27 -19 -10 -1 8 17 25 31 36 37 36 31 25 17 8 -1 -10 -19 -27 -34 -38 -40 
-35 -31 -25 -17 -8 1 10 19 27 34 38 40 38 34 27 19 10 1 -8 -17 -25 -31 -35 -37 
-33 -29 -22 -14 -5 3 12 21 30 37 41 43 41 37 30 21 12 3 -5 -14 -22 -29 -33 -34 
-30 -26 -20 -12 -3 5 14 24 32 39 44 46 44 39 32 24 14 5 -3 -12 -20 -26 -30 -31 
-27 -23 -17 -10 -1 7 16 26 34 41 46 48 46 41 34 26 16 7 -1 -10 -17 -23 -27 -29 
-25 -21 -15 -8 0 9 18 28 36 44 49 51 49 44 36 28 18 9 0 -8 -15 -21 -25 -26 
-23 -19 -13 -6 2 11 20 29 38 46 51 53 51 46 38 29 20 11 2 -6 -13 -19 -23 -24 
-21 -17 -11 -4 3 12 22 31 40 48 53 55 53 48 40 31 22 12 3 -4 -11 -17 -21 -22 
-19 -15 -10 -2 5 14 23 33 41 49 55 57 55 49 41 33 23 14 5 -2 -10 -15 -19 -20 
-17 -14 -8 -1 6 15 24 34 43 51 56 59 56 51 43 34 24 15 6 -1 -8 -14 -17 -18 
-16 -12 -7 0 7 16 25 35 44 52 58 60 58 52 44 35 25 16 7 0 -7 -12 -16 -17 
-15 -11 -6 0 8 17 26 35 45 53 59 61 59 53 45 35 26 17 8 0 -6 -11 -15 -16 
-14 -11 -6 0 8 17 27 36 45 53 59 62 59 53 45 36 27 17 8 0 -6 -11 -14 -15 
-14 -11 -5 1 9 17 27 36 45 53 60 62 60 53 45 36 27 17 9 1 -5 -11 -14 -15 
-14 -11 -5 1 9 17 27 36 45 53 60 62 60 53 45 36 27 17 9 1 -5 -11 -14 -15 
-14 -11 -6 0 8 17 27 36 45 53 59 62 59 53 45 36 27 17 8 0 -6 -11 -14 -15 
-15 -11 -6 0 8 17 26 35 45 53 59 61 59 53 45 35 26 17 8 0 -6 -11 -15 -16 
-16 -12 -7 0 7 16 25 35 44 52 58 60 58 52 44 35 25 16 7 0 -7 -12 -16 -17 
-17 -14 -8 -1 6 15 24 34 43 51 56 59 56 51 43 34 24 15 6 -1 -8 -14 -17 -18 
-19 -15 -10 -2 5 14 23 33 41 49 55 57 55 49 41 33 23 14 5 -2 -10 -15 -19 -20 
-21 -17 -11 -4 3 12 22 31 40 48 53 55 53 48 40 31 22 12 3 -4 -11 -17 -21 -22 
-23 -19 -13 -6 2 11 20 29 38 46 51 53 51 46 38 29 20 11 2 -6 -13 -19 -23 -24 
-25 -21 -15 -8 0 9 18 28 36 44 49 51 49 44 36 28 18 9 0 -8 -15 -21 -25 -26 
-27 -23 -17 -10 -1 7 16 26 34 41 46 48 46 41 34 26 16 7 -1 -10 -17 -23 -27 -29 
-30 -26 -20 -12 -3 5 14 24 32 39 44 46 44 39 32 24 14 5 -3 -12 -20 -26 -30 -31 
-33 -29 -22 -14 -5 3 12 21 30 37 41 43 41 37 30 21 12 3 -5 -14 -22 -29 -33 -34 
-35 -31 -25 -17 -8 1 10 19 27 34 38 40 38 34 27 19 10 1 -8 -17 -25 -31 -35 -37 
-38 -34 -27 -19 -10 -1 8 17 25 31 36 37 36 31 25 17 8 -1 -10 -19 -27 -34 -38 -40 
-41 -36 -29 -21 -12 -3 6 14 22 29 33 34 33 29 22 14 6 -3 -12 -21 -29 -36 -41 -43 
-44 -39 -32 -23 -14 -5 3 12 20 26 30 32 30 26 20 12 3 -5 -14 -23 -32 -39 -44 -45 
-46 -41 -34 -26 -16 -7 1 10 18 24 28 29 28 24 18 10 1 -7 -16 -26 -34 -41 -46 -48 
-49 -44 -36 -28 -18 -9 0 8 15 21 25 26 25 21 15 8 0 -9 -18 -28 -36 -44 -49 -51 
-51 -46 -38 -29 -20 -11 -1 6 13 19 23 24 23 19 13 6 -1 -11 -20 -29 -38 -46 -51 -53 
-53 -47 -40 -31 -22 -12 -3 4 11 17 21 22 21 17 11 4 -3 -12 -22 -31 -40 -47 -53 -55 
-55 -49 -41 -32 -23 -14 -5 3 10 15 19 20 19 15 10 3 -5 -14 -23 -32 -41 -49 -55 -57 
-56 -51 -43 -34 -24 -15 -6 1 8 14 17 19 17 14 8 1 -6 -15 -24 -34 -43 -51 -56 -58 
-58 -52 -44 -35 -25 -16 -7 0 7 13 16 17 16 13 7 0 -7 -16 -25 -35 -44 -52 -58 -60 
-59 -53 -44 -35 -26 -17 -8 0 6 12 15 16 15 12 6 0 -8 -17 -26 -35 -44 -53 -59 -61 
-59 -53 -45 -36 -26 -17 -8 0 6 11 14 15 14 11 6 0 -8 -17 -26 -36 -45 -53 -59 -62 
-60 -53 -45 -36 -27 -17 -9 -1 5 11 14 15 14 11 5 -1 -9 -17 -27 -36 -45 -53 -60 -62 
-60 -53 -45 -36 -27 -17 -9 -1 5 11 14 15 14 11 5 -1 -9 -17 -27 -36 -45 -53 -60 -62 
-59 -53 -45 -36 -27 -17 -8 0 5 11 14 15 14 11 5 0 -8 -17 -27 -36 -45 -53 -59 -62 
